Since the F10.7 (3-month avg) of the requested date is not yet available, the value of F10.7 (daily) is used instead as the value of F10.7 (3-monthavg).
Year Mon Day DOY hour Heit(km) Lat  Lon Oden(cm-3) N2den(cm-3) O2den(cm-3) air(gm/cm3) T(K) exoT(K) Heden(cm-3)Arden(cm-3) Hden(cm-3) Nden(cm-3) F107 F107a apdaily  ap0-3 ap3-6 ap6-9 ap9-12 ap12-33 ap33-59
2026  5 12 132  0.00    0.0   55.0   45.0  9.999E-38  2.009E+19  5.388E+18 1.237E-03  282.2   912  1.338E+14  2.401E+17  9.999E-38  9.999E-38  115.9  115.9    3.1    3.0    3.0    4.0    4.0    5.0    3.2
2026  5 12 132  0.00   10.0   55.0   45.0  9.999E-38  6.541E+18  1.754E+18 4.027E-04  221.0   912  4.356E+13  7.817E+16  9.999E-38  9.999E-38  115.9  115.9    3.1    3.0    3.0    4.0    4.0    5.0    3.2
2026  5 12 132  0.00   20.0   55.0   45.0  9.999E-38  1.407E+18  3.774E+17 8.663E-05  217.7   912  9.372E+12  1.682E+16  9.999E-38  9.999E-38  115.9  115.9    3.1    3.0    3.0    4.0    4.0    5.0    3.2
2026  5 12 132  0.00   30.0   55.0   45.0  9.999E-38  2.901E+17  7.779E+16 1.786E-05  228.1   912  1.932E+12  3.467E+15  9.999E-38  9.999E-38  115.9  115.9    3.1    3.0    3.0    4.0    4.0    5.0    3.2
2026  5 12 132  0.00   40.0   55.0   45.0  9.999E-38  6.380E+16  1.711E+16 3.927E-06  254.0   912  4.249E+11  7.624E+14  9.999E-38  9.999E-38  115.9  115.9    3.1    3.0    3.0    4.0    4.0    5.0    3.2
2026  5 12 132  0.00   50.0   55.0   45.0  9.999E-38  1.684E+16  4.515E+15 1.036E-06  267.8   912  1.121E+11  2.012E+14  9.999E-38  9.999E-38  115.9  115.9    3.1    3.0    3.0    4.0    4.0    5.0    3.2
2026  5 12 132  0.00   60.0   55.0   45.0  7.189E+08  4.967E+15  1.332E+15 3.058E-07  250.1   912  3.308E+10  5.936E+13  9.999E-38  9.999E-38  115.9  115.9    3.1    3.0    3.0    4.0    4.0    5.0    3.2
2026  5 12 132  0.00   70.0   55.0   45.0  1.024E+09  1.369E+15  3.672E+14 8.430E-08  216.7   912  9.120E+09  1.637E+13  9.999E-38  9.999E-38  115.9  115.9    3.1    3.0    3.0    4.0    4.0    5.0    3.2
2026  5 12 132  0.00   80.0   55.0   45.0  2.049E+09  3.050E+14  8.179E+13 1.878E-08  181.3   912  2.063E+09  3.645E+12  2.208E+08  9.999E-38  115.9  115.9    3.1    3.0    3.0    4.0    4.0    5.0    3.2
2026  5 12 132  0.00   90.0   55.0   45.0  2.994E+11  4.793E+13  1.262E+13 2.946E-09  184.0   912  3.896E+08  5.590E+11  1.502E+08  9.999E-38  115.9  115.9    3.1    3.0    3.0    4.0    4.0    5.0    3.2
2026  5 12 132  0.00  100.0   55.0   45.0  5.659E+11  8.185E+12  1.957E+12 5.052E-10  186.4   912  1.241E+08  8.115E+10  5.046E+07  7.248E+04  115.9  115.9    3.1    3.0    3.0    4.0    4.0    5.0    3.2
2026  5 12 132  0.00  110.0   55.0   45.0  1.066E+11  1.303E+12  2.484E+11 7.724E-11  237.0   912  5.413E+07  8.756E+09  1.652E+07  2.172E+05  115.9  115.9    3.1    3.0    3.0    4.0    4.0    5.0    3.2
2026  5 12 132  0.00  120.0   55.0   45.0  4.283E+10  2.824E+11  4.175E+10 1.658E-11  370.9   912  2.641E+07  1.296E+09  5.532E+06  5.807E+05  115.9  115.9    3.1    3.0    3.0    4.0    4.0    5.0    3.2
2026  5 12 132  0.00  130.0   55.0   45.0  2.342E+10  1.015E+11  1.199E+10 6.001E-12  493.4   912  1.661E+07  3.377E+08  2.522E+06  1.512E+06  115.9  115.9    3.1    3.0    3.0    4.0    4.0    5.0    3.2
2026  5 12 132  0.00  140.0   55.0   45.0  1.469E+10  4.737E+10  4.621E+09 2.848E-12  588.0   912  1.205E+07  1.199E+08  1.386E+06  3.308E+06  115.9  115.9    3.1    3.0    3.0    4.0    4.0    5.0    3.2
2026  5 12 132  0.00  150.0   55.0   45.0  1.000E+10  2.542E+10  2.104E+09 1.564E-12  661.1   912  9.448E+06  5.041E+07  8.553E+05  6.032E+06  115.9  115.9    3.1    3.0    3.0    4.0    4.0    5.0    3.2
2026  5 12 132  0.00  160.0   55.0   45.0  7.161E+09  1.484E+10  1.069E+09 9.390E-13  717.5   912  7.790E+06  2.368E+07  5.761E+05  9.201E+06  115.9  115.9    3.1    3.0    3.0    4.0    4.0    5.0    3.2
2026  5 12 132  0.00  170.0   55.0   45.0  5.314E+09  9.147E+09  5.867E+08 5.990E-13  761.1   912  6.654E+06  1.198E+07  4.184E+05  1.196E+07  115.9  115.9    3.1    3.0    3.0    4.0    4.0    5.0    3.2
2026  5 12 132  0.00  180.0   55.0   45.0  4.049E+09  5.857E+09  3.409E+08 3.989E-13  794.8   912  5.838E+06  6.383E+06  3.250E+05  1.359E+07  115.9  115.9    3.1    3.0    3.0    4.0    4.0    5.0    3.2
2026  5 12 132  0.00  190.0   55.0   45.0  3.145E+09  3.854E+09  2.066E+08 2.744E-13  820.9   912  5.227E+06  3.532E+06  2.672E+05  1.396E+07  115.9  115.9    3.1    3.0    3.0    4.0    4.0    5.0    3.2
2026  5 12 132  0.00  200.0   55.0   45.0  2.479E+09  2.586E+09  1.291E+08 1.935E-13  841.2   912  4.753E+06  2.010E+06  2.303E+05  1.333E+07  115.9  115.9    3.1    3.0    3.0    4.0    4.0    5.0    3.2
2026  5 12 132  0.00  210.0   55.0   45.0  1.975E+09  1.762E+09  8.247E+07 1.392E-13  856.9   912  4.374E+06  1.167E+06  2.059E+05  1.213E+07  115.9  115.9    3.1    3.0    3.0    4.0    4.0    5.0    3.2
2026  5 12 132  0.00  220.0   55.0   45.0  1.587E+09  1.214E+09  5.358E+07 1.018E-13  869.0   912  4.061E+06  6.888E+05  1.892E+05  1.071E+07  115.9  115.9    3.1    3.0    3.0    4.0    4.0    5.0    3.2
2026  5 12 132  0.00  230.0   55.0   45.0  1.283E+09  8.436E+08  3.525E+07 7.548E-14  878.5   912  3.796E+06  4.113E+05  1.774E+05  9.269E+06  115.9  115.9    3.1    3.0    3.0    4.0    4.0    5.0    3.2
2026  5 12 132  0.00  240.0   55.0   45.0  1.043E+09  5.904E+08  2.340E+07 5.664E-14  885.8   912  3.566E+06  2.479E+05  1.689E+05  7.935E+06  115.9  115.9    3.1    3.0    3.0    4.0    4.0    5.0    3.2
2026  5 12 132  0.00  250.0   55.0   45.0  8.510E+08  4.155E+08  1.565E+07 4.296E-14  891.6   912  3.363E+06  1.505E+05  1.625E+05  6.750E+06  115.9  115.9    3.1    3.0    3.0    4.0    4.0    5.0    3.2
2026  5 12 132  0.00  260.0   55.0   45.0  6.965E+08  2.937E+08  1.052E+07 3.288E-14  896.0   912  3.180E+06  9.191E+04  1.576E+05  5.722E+06  115.9  115.9    3.1    3.0    3.0    4.0    4.0    5.0    3.2
2026  5 12 132  0.00  270.0   55.0   45.0  5.715E+08  2.083E+08  7.108E+06 2.539E-14  899.5   912  3.013E+06  5.641E+04  1.536E+05  4.842E+06  115.9  115.9    3.1    3.0    3.0    4.0    4.0    5.0    3.2
2026  5 12 132  0.00  280.0   55.0   45.0  4.700E+08  1.482E+08  4.818E+06 1.975E-14  902.2   912  2.860E+06  3.476E+04  1.503E+05  4.096E+06  115.9  115.9    3.1    3.0    3.0    4.0    4.0    5.0    3.2
2026  5 12 132  0.00  290.0   55.0   45.0  3.872E+08  1.058E+08  3.276E+06 1.548E-14  904.3   912  2.718E+06  2.150E+04  1.475E+05  3.465E+06  115.9  115.9    3.1    3.0    3.0    4.0    4.0    5.0    3.2
2026  5 12 132  0.00  300.0   55.0   45.0  3.194E+08  7.561E+07  2.233E+06 1.221E-14  905.9   912  2.585E+06  1.333E+04  1.450E+05  2.932E+06  115.9  115.9    3.1    3.0    3.0    4.0    4.0    5.0    3.2
2026  5 12 132  0.00  310.0   55.0   45.0  2.638E+08  5.416E+07  1.526E+06 9.685E-15  907.2   912  2.461E+06  8.290E+03  1.428E+05  2.482E+06  115.9  115.9    3.1    3.0    3.0    4.0    4.0    5.0    3.2
2026  5 12 132  0.00  320.0   55.0   45.0  2.182E+08  3.887E+07  1.045E+06 7.725E-15  908.2   912  2.345E+06  5.167E+03  1.407E+05  2.103E+06  115.9  115.9    3.1    3.0    3.0    4.0    4.0    5.0    3.2
2026  5 12 132  0.00  330.0   55.0   45.0  1.806E+08  2.793E+07  7.163E+05 6.192E-15  909.0   912  2.235E+06  3.227E+03  1.388E+05  1.783E+06  115.9  115.9    3.1    3.0    3.0    4.0    4.0    5.0    3.2
2026  5 12 132  0.00  340.0   55.0   45.0  1.496E+08  2.011E+07  4.920E+05 4.986E-15  909.6   912  2.131E+06  2.020E+03  1.370E+05  1.513E+06  115.9  115.9    3.1    3.0    3.0    4.0    4.0    5.0    3.2
2026  5 12 132  0.00  350.0   55.0   45.0  1.241E+08  1.449E+07  3.385E+05 4.032E-15  910.1   912  2.032E+06  1.266E+03  1.353E+05  1.284E+06  115.9  115.9    3.1    3.0    3.0    4.0    4.0    5.0    3.2
2026  5 12 132  0.00  360.0   55.0   45.0  1.030E+08  1.046E+07  2.332E+05 3.273E-15  910.5   912  1.939E+06  7.952E+02  1.336E+05  1.091E+06  115.9  115.9    3.1    3.0    3.0    4.0    4.0    5.0    3.2
2026  5 12 132  0.00  370.0   55.0   45.0  8.550E+07  7.553E+06  1.608E+05 2.666E-15  910.8   912  1.850E+06  5.002E+02  1.320E+05  9.268E+05  115.9  115.9    3.1    3.0    3.0    4.0    4.0    5.0    3.2
2026  5 12 132  0.00  380.0   55.0   45.0  7.105E+07  5.463E+06  1.111E+05 2.178E-15  911.0   912  1.766E+06  3.152E+02  1.304E+05  7.881E+05  115.9  115.9    3.1    3.0    3.0    4.0    4.0    5.0    3.2
2026  5 12 132  0.00  390.0   55.0   45.0  5.908E+07  3.955E+06  7.682E+04 1.785E-15  911.2   912  1.686E+06  1.989E+02  1.289E+05  6.706E+05  115.9  115.9    3.1    3.0    3.0    4.0    4.0    5.0    3.2
2026  5 12 132  0.00  400.0   55.0   45.0  4.915E+07  2.867E+06  5.319E+04 1.467E-15  911.4   912  1.610E+06  1.257E+02  1.274E+05  5.709E+05  115.9  115.9    3.1    3.0    3.0    4.0    4.0    5.0    3.2
2026  5 12 132  0.00  410.0   55.0   45.0  4.092E+07  2.080E+06  3.687E+04 1.208E-15  911.5   912  1.538E+06  7.955E+01  1.259E+05  4.862E+05  115.9  115.9    3.1    3.0    3.0    4.0    4.0    5.0    3.2
2026  5 12 132  0.00  420.0   55.0   45.0  3.409E+07  1.511E+06  2.559E+04 9.973E-16  911.6   912  1.469E+06  5.042E+01  1.245E+05  4.144E+05  115.9  115.9    3.1    3.0    3.0    4.0    4.0    5.0    3.2
2026  5 12 132  0.00  430.0   55.0   45.0  2.841E+07  1.098E+06  1.778E+04 8.251E-16  911.6   912  1.404E+06  3.200E+01  1.231E+05  3.533E+05  115.9  115.9    3.1    3.0    3.0    4.0    4.0    5.0    3.2
2026  5 12 132  0.00  440.0   55.0   45.0  2.369E+07  7.992E+05  1.237E+04 6.840E-16  911.7   912  1.341E+06  2.034E+01  1.217E+05  3.014E+05  115.9  115.9    3.1    3.0    3.0    4.0    4.0    5.0    3.2
2026  5 12 132  0.00  450.0   55.0   45.0  1.977E+07  5.822E+05  8.610E+03 5.681E-16  911.7   912  1.282E+06  1.294E+01  1.203E+05  2.572E+05  115.9  115.9    3.1    3.0    3.0    4.0    4.0    5.0    3.2
2026  5 12 132  0.00  460.0   55.0   45.0  1.651E+07  4.245E+05  6.002E+03 4.727E-16  911.8   912  1.225E+06  8.249E+00  1.189E+05  2.196E+05  115.9  115.9    3.1    3.0    3.0    4.0    4.0    5.0    3.2
2026  5 12 132  0.00  470.0   55.0   45.0  1.379E+07  3.098E+05  4.188E+03 3.940E-16  911.8   912  1.171E+06  5.264E+00  1.176E+05  1.876E+05  115.9  115.9    3.1    3.0    3.0    4.0    4.0    5.0    3.2
2026  5 12 132  0.00  480.0   55.0   45.0  1.152E+07  2.263E+05  2.926E+03 3.290E-16  911.8   912  1.120E+06  3.364E+00  1.163E+05  1.603E+05  115.9  115.9    3.1    3.0    3.0    4.0    4.0    5.0    3.2
2026  5 12 132  0.00  490.0   55.0   45.0  9.637E+06  1.654E+05  2.046E+03 2.752E-16  911.8   912  1.071E+06  2.152E+00  1.150E+05  1.371E+05  115.9  115.9    3.1    3.0    3.0    4.0    4.0    5.0    3.2
2026  5 12 132  0.00  500.0   55.0   45.0  8.063E+06  1.211E+05  1.432E+03 2.305E-16  911.8   912  1.024E+06  1.379E+00  1.137E+05  1.173E+05  115.9  115.9    3.1    3.0    3.0    4.0    4.0    5.0    3.2
